1 8.688735961914062 3.2891690731048584
2 8.051536560058594 4.085094928741455
3 7.9180707931518555 3.990720272064209
4 7.581960201263428 3.7164242267608643
5 15.253647804260254 3.696366548538208
6 15.128642082214355 5.581966400146484
7 16.578937530517578 -0.04448604956269264
8 16.58597755432129 -0.09538660943508148
9 16.609350204467773 -0.32140371203422546
10 16.607698440551758 -0.31682202219963074
11 16.472610473632812 -0.1732054054737091
12 16.512271881103516 -0.1930736005306244
13 16.617759704589844 -0.265744686126709
14 16.579538345336914 -0.21664004027843475
15 16.714452743530273 3.2481141090393066
16 16.88975715637207 3.184631824493408
17 16.417938232421875 2.9815568923950195
18 16.431747436523438 3.1286063194274902
19 16.452877044677734 3.087512969970703
20 16.37332534790039 2.9601876735687256
21 16.46076011657715 3.187804698944092
22 16.833166122436523 3.3692171573638916
23 17.113468170166016 3.1380324363708496
24 17.125560760498047 3.1353814601898193
25 17.102712631225586 3.156132698059082
26 15.675262451171875 5.319410800933838
27 16.212617874145508 4.74995756149292
28 15.211323738098145 3.961178779602051
29 15.792220115661621 3.6312239170074463
30 16.09940528869629 3.6273677349090576
31 15.937543869018555 4.426352024078369
32 15.770682334899902 4.157525539398193
33 15.4290771484375 3.3416800498962402
34 15.569869995117188 3.279963493347168
35 14.643257141113281 1.851198673248291
36 11.18407154083252 -1.6909894943237305
37 14.939769744873047 2.0147945880889893
38 11.148919105529785 -1.7063872814178467
39 13.883588790893555 1.8305147886276245
40 14.636170387268066 1.8555768728256226
41 14.641081809997559 1.8425233364105225
42 14.611647605895996 1.8686953783035278
43 15.349489212036133 2.381986141204834
44 15.033848762512207 2.138871669769287
45 15.675734519958496 3.5102107524871826
46 15.062664031982422 2.0847373008728027
47 14.741307258605957 2.0133447647094727
48 16.510330200195312 4.849336624145508
49 16.555438995361328 4.941342353820801
50 16.535776138305664 4.90743350982666
51 16.507225036621094 4.789677619934082
52 15.344094276428223 2.4704771041870117
53 15.433197021484375 2.29833722114563
54 15.323210716247559 2.1785032749176025
55 15.236991882324219 2.1008541584014893
56 16.313814163208008 3.2667441368103027
57 16.080259323120117 3.296565532684326
58 15.408596992492676 2.384449005126953
59 15.607463836669922 2.509885311126709
60 15.69951343536377 3.7182586193084717
61 15.624075889587402 4.1247029304504395
62 15.030740737915039 2.0963594913482666
63 15.160177230834961 2.2186319828033447
64 16.431367874145508 4.801020622253418
65 15.552849769592285 2.574125051498413
66 15.451090812683105 2.443732976913452
67 15.238656997680664 5.568532943725586
68 15.521121978759766 5.510117530822754
69 15.506267547607422 5.4874653816223145
70 14.905709266662598 5.664743423461914
71 14.739538192749023 5.79779052734375
72 15.093768119812012 6.291776180267334
73 14.167076110839844 6.585793495178223
74 16.130783081054688 4.629353046417236
75 16.42820167541504 3.7262203693389893
76 16.106197357177734 3.85617995262146
77 16.436046600341797 3.687838554382324
78 16.66364288330078 3.4031319618225098
79 16.404895782470703 4.0614800453186035
80 16.241743087768555 4.208887577056885
81 16.41425132751465 3.678192615509033
82 16.312379837036133 3.5541749000549316
83 16.3448429107666 3.5990793704986572
84 16.458114624023438 3.7145650386810303
85 14.057482719421387 4.0571722984313965
86 15.917598724365234 4.2829437255859375
87 16.136272430419922 4.638561248779297
88 15.763227462768555 3.688234806060791
89 15.6809720993042 3.645765781402588
90 16.135650634765625 3.7597382068634033
91 15.544700622558594 3.2670211791992188
92 15.571309089660645 5.56336784362793
93 16.124649047851562 3.6972665786743164
94 12.748788833618164 3.087824583053589
95 15.392285346984863 3.2309083938598633
96 14.641777038574219 4.62739896774292
97 14.357015609741211 4.681551456451416
98 13.750758171081543 4.188127517700195
99 13.82567024230957 4.308861255645752
100 15.21762466430664 3.74916410446167
101 14.4214506149292 6.226237773895264
102 16.475688934326172 3.9815797805786133
103 14.488651275634766 6.233242511749268
104 15.289863586425781 3.8638556003570557
105 8.782444953918457 3.3406763076782227
106 5.703481197357178 -2.1967949867248535
107 5.701846599578857 -2.1773059368133545
108 15.211703300476074 3.788451910018921
109 15.743627548217773 3.5660502910614014
110 15.359458923339844 3.6618564128875732
111 15.521004676818848 3.592942714691162
112 15.157859802246094 4.090570449829102
113 15.106555938720703 4.124106407165527
114 15.05444049835205 4.225655555725098
115 15.189194679260254 4.044236660003662
116 5.719183921813965 -2.168654680252075
117 8.111875534057617 1.5776574611663818
118 6.192016124725342 3.6999762058258057
119 5.690530776977539 3.726006269454956
120 5.717932224273682 3.684317111968994
121 5.71881103515625 3.7492516040802
122 6.159928321838379 3.6291332244873047
123 5.885453224182129 3.705622434616089
124 6.1485490798950195 3.6727986335754395
125 6.232649803161621 3.577521324157715
126 10.927436828613281 -1.6958783864974976
127 11.038991928100586 -1.7275123596191406
128 11.003447532653809 -1.728508472442627
129 5.860835075378418 3.4704174995422363
130 5.505010604858398 3.652225971221924
131 5.567439079284668 3.5358314514160156
132 5.609515190124512 3.6229913234710693
133 5.768256187438965 3.565607786178589
134 5.479249000549316 3.5761783123016357
135 5.513395309448242 3.562817096710205
136 5.1388678550720215 3.589982748031616
137 5.0886311531066895 3.425983428955078
138 5.071442127227783 3.545170783996582
139 4.998503684997559 3.5260283946990967
140 5.075168609619141 3.55790376663208
141 6.124975681304932 -1.9281022548675537
142 5.938525676727295 -2.0102698802948
143 5.883538722991943 -2.058091640472412
144 9.773879051208496 -0.0942021831870079
145 9.91669750213623 -0.3824100196361542
146 4.958157062530518 -0.48647257685661316
147 6.670883655548096 -1.3596946001052856
148 6.237196445465088 3.476497173309326
149 6.433290481567383 3.142390489578247
150 6.083522796630859 3.284623861312866
151 9.860308647155762 -0.2557380199432373
152 9.784459114074707 -0.12542977929115295
153 5.938175678253174 3.3769783973693848
154 8.656644821166992 -0.5936813950538635
155 8.667274475097656 -0.6200868487358093
156 8.75147533416748 -0.5249083042144775
157 6.851070880889893 2.823007106781006
158 8.041603088378906 0.4067130982875824
159 8.503741264343262 -0.2858760356903076
160 8.546140670776367 -0.2780568301677704
161 5.881923675537109 3.4083402156829834
162 5.522436141967773 3.567636728286743
163 7.5598530769348145 1.0604015588760376
164 6.982595920562744 1.0923864841461182
165 7.000864028930664 1.1145418882369995
166 7.0232834815979 1.139998435974121
167 8.759601593017578 0.23544155061244965
168 8.663067817687988 -0.4045639634132385
169 7.374545097351074 1.2137545347213745
170 6.334157466888428 3.565885066986084
171 6.370567321777344 3.581571578979492
172 5.649142742156982 2.8904192447662354
173 5.62644100189209 2.9549245834350586
174 5.871771335601807 -2.310368776321411
175 7.627262592315674 1.6751490831375122
176 7.445099830627441 1.3720366954803467
177 9.602984428405762 -0.9499480724334717
178 6.912303924560547 0.6237282156944275
179 9.837834358215332 -0.5178523659706116
180 6.445409774780273 -1.815871238708496
181 6.320574760437012 -1.8407055139541626
182 15.286543846130371 4.576380252838135
183 6.880654335021973 2.645472526550293
184 15.109636306762695 4.245004177093506
185 15.28866958618164 4.526935577392578
186 7.029338359832764 2.6316328048706055
187 6.912041664123535 2.735523223876953
188 5.761904716491699 -2.139820098876953
189 5.735610008239746 -2.237617254257202
190 5.7065653800964355 -2.286072254180908
191 6.477007865905762 -2.6644387245178223
192 6.3662261962890625 -2.6498708724975586
193 6.529099941253662 -2.49870228767395
194 6.482039451599121 -2.528266191482544
195 6.417363166809082 -2.57859468460083
196 6.2846879959106445 -2.8310306072235107
197 6.4908528327941895 -2.6545333862304688
198 6.463470935821533 -2.615593433380127
199 8.048059463500977 -0.08375424891710281
200 6.613722801208496 -2.0693905353546143
201 12.133060455322266 2.993934392929077
202 11.692225456237793 3.3448269367218018
203 6.31516695022583 -2.806645631790161
204 6.4192657470703125 -2.5696706771850586
205 9.717781066894531 -1.4665381908416748
206 9.652562141418457 -1.567024827003479
207 9.852910041809082 -0.7571963667869568
208 10.103649139404297 -0.7001022100448608
209 10.008415222167969 -0.7878955602645874
210 11.987311363220215 1.6631646156311035
211 7.545566558837891 -1.2562980651855469
212 8.01989459991455 -1.9014064073562622
213 7.737590312957764 -1.5377510786056519
214 9.947487831115723 -0.658859133720398
215 7.8624653816223145 -1.7956310510635376
216 8.046015739440918 0.3136577308177948
217 9.75960922241211 -0.7759038805961609
218 9.83212947845459 -0.5393623113632202
219 10.978121757507324 -0.16294795274734497
220 10.968072891235352 -0.0700160562992096
221 10.771208763122559 -0.0912727564573288
222 9.928427696228027 -0.4286648631095886
223 10.95666217803955 0.039995014667510986
224 9.755705833435059 -0.8375612497329712
225 10.213261604309082 -0.2790634334087372
226 10.745296478271484 -0.33946701884269714
227 10.732133865356445 -0.24928244948387146
228 13.688236236572266 1.7440522909164429
229 10.833661079406738 -0.018452461808919907
230 7.0791335105896 0.9843286275863647
231 1.4391725063323975 2.587127208709717
232 6.542906284332275 -1.6644831895828247
233 6.511735916137695 -0.5585779547691345
234 7.635834693908691 -0.17392520606517792
235 9.78016185760498 -0.09600145369768143
236 8.382780075073242 -0.2141982614994049
237 12.4578275680542 2.2395355701446533
238 5.746043682098389 -2.294109344482422
239 14.025969505310059 1.891292929649353
240 6.2371697425842285 3.497248411178589
241 15.205313682556152 2.0668065547943115
242 14.539835929870605 1.9233378171920776
243 13.513676643371582 4.87126350402832
244 6.0969929695129395 16.41661262512207
245 6.0969343185424805 16.416748046875
246 6.096935749053955 16.41675567626953
247 13.818086624145508 1.7552825212478638
248 13.864110946655273 1.8081599473953247
249 11.046000480651855 -1.7317081689834595
250 13.910387992858887 1.8527995347976685
251 13.927643775939941 1.8767086267471313
252 13.920284271240234 1.8767659664154053
253 12.799312591552734 2.9363746643066406
254 15.010062217712402 2.1200525760650635
255 14.04971694946289 1.9423903226852417
256 10.854032516479492 -1.647335410118103
257 13.838293075561523 1.7644816637039185
258 16.528461456298828 4.971885681152344
259 14.639183044433594 1.8340227603912354
260 14.672547340393066 1.8174210786819458
261 15.007006645202637 4.21183443069458
262 8.466336250305176 -0.8987295031547546
263 8.476643562316895 -0.8691344261169434
264 8.915431022644043 0.8622683882713318
265 8.962148666381836 1.0196970701217651
266 12.70899486541748 3.0855190753936768
267 6.648443698883057 2.7547314167022705
268 6.761106014251709 2.5716617107391357
269 12.71292495727539 3.016556739807129
270 6.874614715576172 2.3749825954437256
271 8.37549877166748 1.715572714805603
272 8.995457649230957 1.6942986249923706
273 8.907390594482422 1.7127658128738403
274 4.956059455871582 -0.426664799451828
275 8.829387664794922 0.30847999453544617
276 5.453685760498047 -0.4345272481441498
277 5.54428768157959 -0.42742452025413513
278 5.42081880569458 -0.4321088194847107
279 6.930217742919922 2.3108363151550293
280 8.835838317871094 3.3411030769348145
281 15.00499153137207 4.213827133178711
282 6.307248115539551 -0.7187290191650391
283 8.86042308807373 0.36073532700538635
284 9.409649848937988 1.5199930667877197
285 7.8246660232543945 1.7163277864456177
286 8.211897850036621 1.6318920850753784
287 8.132765769958496 1.5953967571258545
288 9.486645698547363 1.2790719270706177
289 9.555278778076172 1.3875328302383423
290 8.328254699707031 1.714863896369934
291 8.636902809143066 1.3374583721160889
292 8.55305290222168 1.3867223262786865
293 9.66997241973877 1.476682424545288
294 7.1971659660339355 -1.4001773595809937
295 7.182987689971924 0.7628153562545776
296 8.637395858764648 0.0951547622680664
297 8.646800994873047 0.11256267130374908
298 6.649355411529541 -0.891925036907196
299 7.055881977081299 -1.274956464767456
300 7.556600570678711 3.5468103885650635
301 6.294977188110352 -3.1674296855926514
302 6.291035175323486 -2.9694769382476807
303 6.283621788024902 -3.2491204738616943
304 6.267823219299316 -3.259190559387207
305 9.459742546081543 1.3878332376480103
306 8.885193824768066 1.0425747632980347
307 9.34310531616211 1.569413423538208
308 9.414679527282715 1.4903059005737305
309 8.458160400390625 1.7372281551361084
310 8.466349601745605 1.7359596490859985
311 8.481527328491211 1.738407015800476
312 8.471893310546875 1.7383804321289062
313 2.4341864585876465 5.657026290893555
314 2.370661497116089 5.685634613037109
315 8.276290893554688 -1.113634467124939
316 0.556552529335022 3.1319239139556885
317 0.5741592049598694 3.0798096656799316
318 7.756796360015869 3.544203281402588
319 1.4855620861053467 5.027760982513428
320 1.5226318836212158 5.047985076904297
321 1.4478219747543335 5.032939910888672
322 1.1618845462799072 4.326612949371338
323 1.8162617683410645 5.539810657501221
324 1.7778058052062988 5.4858198165893555
325 2.004140615463257 5.641999244689941
326 2.1283254623413086 5.701155185699463
327 2.115339994430542 5.694594383239746
328 2.2064290046691895 5.723812580108643
329 1.6012674570083618 5.269143581390381
330 1.6002246141433716 5.211055278778076
331 1.6603771448135376 5.359007835388184
332 1.7833982706069946 5.505040645599365
333 1.8103783130645752 5.498409271240234
334 1.6453988552093506 5.381937503814697
335 1.6249128580093384 5.169150352478027
336 1.2027822732925415 5.377673625946045
337 7.464142322540283 3.3239738941192627
338 7.668788433074951 3.5048298835754395
339 7.432834625244141 3.4123682975769043
340 7.472342014312744 3.4219586849212646
341 0.25048837065696716 5.978878021240234
342 0.3363552689552307 5.8338236808776855
343 0.24241381883621216 5.995135307312012
344 0.2291375696659088 6.004484176635742
345 0.24653078615665436 5.991652488708496
346 0.9725797176361084 4.1230902671813965
347 0.849866509437561 4.224132537841797
348 0.6203421354293823 3.1969339847564697
349 0.7962614297866821 4.420443534851074
350 0.40382102131843567 5.765044689178467
351 0.6246532797813416 3.3260083198547363
352 0.4638231694698334 5.60800838470459
353 -0.7732709050178528 8.401721000671387
354 -0.8118634819984436 8.439613342285156
355 1.7966011762619019 3.216237783432007
356 1.8033472299575806 2.9763901233673096
357 1.9723261594772339 3.02194881439209
358 1.9005926847457886 2.936082601547241
359 1.9705127477645874 3.075977325439453
360 1.8492603302001953 3.114466905593872
361 0.8472379446029663 4.211513042449951
362 1.1817576885223389 4.373064994812012
363 1.1510159969329834 4.301541805267334
364 1.0818051099777222 3.8609061241149902
365 0.9513995051383972 3.974133253097534
366 0.7687011361122131 3.5694379806518555
367 0.8723865151405334 3.6500563621520996
368 1.2266554832458496 2.9991464614868164
369 0.829814076423645 3.706676483154297
370 0.8080171346664429 3.7236692905426025
371 1.2052260637283325 2.9849653244018555
372 1.2138770818710327 2.9746432304382324
373 0.7513832449913025 4.604122161865234
374 0.7407501935958862 3.8434531688690186
375 0.7711631655693054 3.634718179702759
376 2.1218841075897217 2.3120574951171875
377 1.9331034421920776 3.0215940475463867
378 2.1908066272735596 3.002349615097046
379 0.7726003527641296 3.5868148803710938
380 1.828848958015442 2.711658477783203
381 1.8000001907348633 2.9088141918182373
382 1.899776577949524 2.8085803985595703
383 1.6566379070281982 4.391074180603027
384 1.7687803506851196 3.5837366580963135
385 1.737704873085022 3.7752673625946045
386 1.6899973154067993 4.342993259429932
387 1.692292332649231 4.341068744659424
388 7.298501491546631 0.3799770772457123
389 1.349388599395752 2.620089054107666
390 7.812919616699219 0.6670337319374084
391 7.87838888168335 0.6793320775032043
392 7.672689437866211 0.5759716033935547
393 2.00510835647583 2.615957498550415
394 1.7944124937057495 2.6788833141326904
395 1.4617135524749756 2.6264734268188477
396 1.519526481628418 2.6881425380706787
397 7.52659273147583 0.5276139974594116
398 2.1407971382141113 2.676539659500122
399 2.11850643157959 2.4375083446502686
400 1.202100396156311 4.68851375579834
401 0.9520723819732666 4.955428600311279
402 1.1422362327575684 4.255625247955322
403 1.3774627447128296 2.6333062648773193
404 1.5160273313522339 4.38931941986084
405 1.3543295860290527 4.40955924987793
406 1.5327295064926147 3.014378309249878
407 0.9542661905288696 4.606607437133789
408 1.080775499343872 4.27907657623291
409 1.5547574758529663 3.26654052734375
410 0.9266438484191895 4.846429347991943
411 1.4448597431182861 2.5884342193603516
412 0.7675296068191528 4.761822700500488
413 0.9442809224128723 4.9901251792907715
414 1.053305983543396 5.003400802612305
415 1.0372048616409302 5.393951416015625
416 1.0862061977386475 5.519071578979492
417 0.5844849348068237 5.4238104820251465
418 0.6393046379089355 5.2791852951049805
419 0.7443386316299438 4.858925819396973
420 0.6773372888565063 4.965120315551758
421 0.6786795854568481 4.932417869567871
422 1.2936203479766846 4.954761981964111
423 1.525897741317749 5.209674835205078
424 1.5891749858856201 5.335507869720459
425 1.0791901350021362 5.449466705322266
426 1.3268035650253296 5.457210540771484
427 0.97649747133255 5.452226638793945
428 0.4905112683773041 5.631341457366943
429 0.5321838855743408 5.637146472930908
430 0.572062075138092 5.605220317840576
431 0.8429041504859924 3.8417325019836426
432 6.281318664550781 -0.6888970136642456
433 6.312042236328125 -0.6559357643127441
434 6.261482238769531 -0.6658512949943542
435 0.9355641007423401 2.8945484161376953
436 3.7735097408294678 1.0309809446334839
437 3.7922234535217285 1.178444504737854
438 3.719733715057373 1.2559664249420166
439 3.7253775596618652 1.2688132524490356
440 2.4100723266601562 1.8014029264450073
441 2.367978096008301 1.872438669204712
442 2.3204293251037598 1.9272948503494263
443 0.8441182374954224 2.979938268661499
444 0.6613273620605469 3.213172197341919
445 2.114171266555786 2.2607038021087646
446 2.422990560531616 1.8040457963943481
447 0.8001879453659058 3.761198043823242
448 -0.7982144951820374 8.423251152038574
449 -0.807407796382904 8.432802200317383
450 -0.7745139598846436 8.405369758605957
451 -0.8277665376663208 8.453904151916504
452 -0.7704906463623047 8.39897632598877
453 -0.7510854601860046 8.366559028625488
454 -0.7664901614189148 8.391850471496582
455 7.420774936676025 -1.1200522184371948
456 6.790258884429932 0.3408297598361969
457 7.648605823516846 1.3192455768585205
458 6.695012092590332 0.7290569543838501
459 6.931508541107178 0.9559550881385803
460 7.71782922744751 2.813075304031372
461 7.546086311340332 3.192371129989624
462 7.777453422546387 3.512228012084961
463 7.532766819000244 2.461483955383301
464 2.8671071529388428 3.276742458343506
465 2.848062515258789 3.2742714881896973
466 2.868650197982788 3.2774155139923096
467 7.838686466217041 2.82658052444458
468 8.7774658203125 4.203780174255371
469 7.5135273933410645 -1.1543587446212769
470 7.511490821838379 -1.1782851219177246
471 7.608315944671631 -1.206725001335144
472 7.449108600616455 -1.1002683639526367
473 7.466306686401367 -1.0155524015426636
474 7.6905694007873535 0.936889111995697
475 7.6618571281433105 0.923069953918457
476 6.867639064788818 -1.3167608976364136
477 8.05012035369873 2.8448307514190674
478 1.635441780090332 3.664334774017334
479 0.418483704328537 5.009498119354248
480 0.38935360312461853 4.879799842834473
481 0.4410310983657837 4.769876480102539
482 6.842475414276123 0.9798684120178223
483 7.053725242614746 0.963622510433197
484 7.4600372314453125 -1.1177903413772583
485 7.501081943511963 1.0030940771102905
486 7.081647872924805 0.9319897890090942
487 8.715106964111328 0.19939181208610535
488 6.749305248260498 0.28479671478271484
489 6.670921325683594 0.242354616522789
490 6.912639141082764 0.4750509262084961
491 6.54081392288208 0.6183163523674011
492 6.522818565368652 0.7421737313270569
493 7.035041332244873 1.3354408740997314
494 7.764258861541748 1.351478934288025
495 7.69379997253418 1.2628343105316162
496 7.4246954917907715 -1.1127831935882568
497 6.992369174957275 1.1794979572296143
498 7.388088703155518 1.1849461793899536
499 6.5004353523254395 0.8064823746681213
500 6.657720565795898 0.9345600605010986
501 6.437668800354004 0.850904107093811
502 6.492319107055664 0.7596564888954163
503 0.8781108260154724 4.55366849899292
504 0.639363169670105 4.464057445526123
505 0.7591060400009155 4.327270984649658
506 1.331653118133545 2.650207996368408
507 1.2312413454055786 2.826209783554077
508 0.8205167651176453 4.546375274658203
509 0.9839088320732117 4.61404275894165
510 1.109405755996704 4.863140106201172
511 1.1616764068603516 4.983623504638672
512 1.339739441871643 2.621443748474121
513 7.938350200653076 -2.269901752471924
514 7.998746871948242 -1.8945900201797485
515 7.905881404876709 -1.835975170135498
516 2.6503891944885254 3.3068740367889404
517 2.6862313747406006 3.2700414657592773
518 8.959494590759277 5.133840084075928
519 8.65786361694336 4.772196292877197
520 1.749866247177124 2.6763198375701904
521 8.112959861755371 4.9358930587768555
522 8.157241821289062 4.9308037757873535
523 8.50838565826416 4.947850227355957
524 8.259206771850586 4.937339782714844
525 2.5252184867858887 -0.3770502209663391
526 2.542942762374878 -0.3599185347557068
527 2.5250234603881836 -0.3773689270019531
528 2.553640365600586 -0.3505031168460846
529 2.56541109085083 -0.34177860617637634
530 2.54012131690979 -0.36256328225135803
531 8.86245059967041 0.34846189618110657
532 4.848485946655273 -0.457241028547287
533 4.69531774520874 -0.38070887327194214
534 4.926983833312988 -0.4504656493663788
535 8.816478729248047 3.3741486072540283
536 9.299748420715332 3.7038888931274414
537 8.834267616271973 3.451467752456665
538 9.076601028442383 3.7511980533599854
539 9.639137268066406 5.857705116271973
540 7.963961124420166 -0.7890337109565735
541 3.2552847862243652 0.21736592054367065
542 3.405639171600342 0.465065598487854
543 3.340362310409546 0.3861224055290222
544 3.3720040321350098 0.44705379009246826
545 3.387551784515381 0.44871410727500916
546 3.4357292652130127 0.05357510596513748
547 3.237755537033081 0.21556395292282104
548 3.2246525287628174 0.09893995523452759
549 3.0511298179626465 -0.012480005621910095
550 8.433430671691895 4.313223838806152
551 8.204251289367676 4.161283493041992
552 0.6606475710868835 3.050478219985962
553 3.816619634628296 1.1966737508773804
554 3.8356316089630127 1.1988840103149414
555 1.8250874280929565 2.832228422164917
556 3.859151840209961 1.2032825946807861
557 3.200993061065674 0.23821814358234406
558 2.1409106254577637 2.3990492820739746
559 2.536222457885742 -0.37113404273986816
560 4.360470771789551 -0.25874724984169006
561 3.990070104598999 -0.1323985606431961
562 3.7980926036834717 -0.06578756868839264
563 3.7797937393188477 -0.05993511900305748
564 3.7730040550231934 -0.056853894144296646
565 8.903374671936035 1.0893816947937012
566 11.908648490905762 2.235382556915283
567 7.919675350189209 -0.14966143667697906
568 8.596540451049805 4.875173091888428
569 8.00178337097168 -0.5397459268569946
570 14.846755981445312 5.58991003036499
571 14.789603233337402 5.540961742401123
572 9.36764144897461 5.598508834838867
573 13.62758731842041 7.3630523681640625
574 13.714536666870117 7.387648105621338
575 11.286118507385254 5.89718770980835
576 9.534440994262695 5.5716376304626465
577 11.667471885681152 2.968428134918213
578 6.612799167633057 -1.6374272108078003
579 9.71696949005127 8.235058784484863
580 9.687485694885254 5.740919589996338
581 9.669745445251465 5.723291873931885
582 10.074664115905762 9.209356307983398
583 11.620733261108398 3.596309185028076
584 12.583423614501953 5.071159362792969
585 13.593827247619629 3.987661123275757
586 13.65959644317627 4.054397106170654
587 13.603014945983887 3.957054376602173
588 12.491307258605957 5.103466510772705
589 9.272016525268555 1.0714904069900513
590 9.235918998718262 1.0604171752929688
591 8.88093376159668 4.292062759399414
592 8.79246997833252 4.199190616607666
593 8.709532737731934 4.193873882293701
594 11.11286449432373 5.938982963562012
595 10.930673599243164 5.907742023468018
596 11.363541603088379 5.869192600250244
597 11.353782653808594 5.4203267097473145
598 11.015148162841797 5.555629253387451
599 11.317367553710938 5.5986456871032715
600 11.694535255432129 5.07806921005249
601 8.630653381347656 4.889321327209473
602 8.741201400756836 4.475285053253174
603 9.506767272949219 5.742309093475342
604 9.282292366027832 5.3600239753723145
605 9.998711585998535 6.624054908752441
606 9.123635292053223 5.185976028442383
607 9.390140533447266 5.627563953399658
608 9.423166275024414 5.745499610900879
609 9.847270011901855 6.070878505706787
610 9.994962692260742 6.701751708984375
611 10.941187858581543 6.640719413757324
612 11.610594749450684 6.562136650085449
613 10.45364761352539 6.702532768249512
614 12.290424346923828 8.911433219909668
615 10.044743537902832 6.784712791442871
616 11.43907642364502 6.244635105133057
617 11.413261413574219 6.115307807922363
618 12.221704483032227 5.821516990661621
619 11.744112968444824 5.067831993103027
620 8.684282302856445 0.9165698885917664
621 12.326681137084961 5.968227386474609
622 12.852887153625488 7.346887111663818
623 12.895974159240723 7.421335220336914
624 11.456387519836426 4.137429237365723
625 11.444275856018066 4.179833889007568
626 12.937050819396973 6.097818851470947
627 11.422481536865234 3.9441893100738525
628 10.55904769897461 1.7079225778579712
629 10.541889190673828 1.7121737003326416
630 13.300358772277832 5.347212791442871
631 11.455684661865234 4.236609935760498
632 13.027788162231445 5.178158283233643
633 12.983904838562012 5.1565165519714355
634 13.275075912475586 5.076894283294678
635 13.294845581054688 5.069746017456055
636 13.211408615112305 4.991972923278809
637 12.135733604431152 1.9996269941329956
638 13.151236534118652 5.2229485511779785
639 12.227689743041992 2.0514039993286133
640 13.275628089904785 5.483676433563232
641 13.104674339294434 6.322093486785889
642 13.332182884216309 6.719258785247803
643 13.517951965332031 5.7309889793396
644 13.595691680908203 5.674750804901123
645 10.932747840881348 8.42975902557373
646 15.441481590270996 4.600449085235596
647 15.27514934539795 4.628754138946533
648 14.611212730407715 4.71860408782959
649 14.67837905883789 4.788191795349121
650 10.773581504821777 8.535284042358398
651 10.872556686401367 8.483427047729492
652 13.333733558654785 8.056159973144531
653 13.77928638458252 8.897574424743652
654 13.875673294067383 8.76364517211914
655 14.712515830993652 4.866323471069336
656 11.875194549560547 5.11643123626709
657 9.418964385986328 7.255937576293945
658 9.193355560302734 7.465188026428223
659 9.665539741516113 -3.90035080909729
660 9.779942512512207 -4.172953128814697
661 9.643686294555664 -4.178247928619385
662 9.751398086547852 -4.167978286743164
663 9.77078914642334 -4.174117088317871
664 10.011603355407715 6.773101329803467
665 11.40494155883789 8.35521125793457
666 9.754651069641113 5.909921169281006
667 12.626103401184082 7.8988752365112305
668 12.449792861938477 7.942400932312012
669 11.97818374633789 4.1438069343566895
670 12.980629920959473 9.233463287353516
671 12.98542594909668 9.353049278259277
672 13.956947326660156 8.729393005371094
673 14.317255020141602 8.659637451171875
674 14.313232421875 8.575325965881348
675 10.45557975769043 8.387970924377441
676 9.927742958068848 8.409767150878906
677 12.648088455200195 9.007608413696289
678 10.508540153503418 8.598448753356934
679 10.837301254272461 8.572562217712402
680 10.960994720458984 8.648076057434082
681 11.626699447631836 4.518674373626709
682 12.838700294494629 7.869323253631592
683 13.124785423278809 5.165140628814697
684 12.993849754333496 5.139416694641113
685 11.97372817993164 4.139695167541504
686 11.63487434387207 4.227358341217041
687 11.935050010681152 4.137764930725098
688 13.314337730407715 9.435041427612305
689 13.158914566040039 9.318220138549805
690 13.10887336730957 9.15145492553711
691 13.074195861816406 8.054880142211914
692 12.820231437683105 7.8512983322143555
693 12.813132286071777 7.8459858894348145
694 13.32020378112793 9.610986709594727
695 13.176874160766602 9.791114807128906
696 12.9944429397583 9.983327865600586
697 12.053963661193848 8.895315170288086
698 12.918065071105957 9.10197925567627
699 12.751931190490723 9.340471267700195
700 12.674535751342773 9.032259941101074
701 12.94638442993164 9.123456001281738
702 11.125099182128906 9.640722274780273
703 12.844061851501465 8.994154930114746
704 11.957196235656738 9.489707946777344
705 12.248637199401855 9.870826721191406
706 12.587687492370605 9.09244441986084
707 12.579136848449707 9.015608787536621
708 12.90639591217041 10.434261322021484
709 11.19006633758545 9.719054222106934
710 11.1747407913208 9.708126068115234
711 12.501264572143555 9.839406967163086
712 12.46566390991211 9.987168312072754
713 13.002476692199707 10.248961448669434
714 11.973559379577637 4.127625465393066
715 13.133096694946289 9.510968208312988
716 13.01733112335205 10.530439376831055
717 12.918464660644531 10.51756763458252
718 13.072813034057617 10.6200590133667
719 14.074289321899414 8.682966232299805
720 13.456731796264648 9.15064525604248
721 13.547568321228027 9.325551986694336
722 14.697209358215332 8.218316078186035
723 13.084954261779785 10.611675262451172
724 13.104190826416016 10.620221138000488
725 12.978960990905762 10.468098640441895
726 14.15559196472168 8.838790893554688
727 13.117108345031738 10.645257949829102
728 13.047008514404297 10.516294479370117
729 12.660601615905762 9.68238639831543
730 14.02875804901123 9.120341300964355
731 14.071370124816895 9.04390811920166
732 13.96944522857666 9.18474006652832
733 13.713446617126465 9.334786415100098
734 13.696754455566406 9.407716751098633
735 13.747036933898926 9.098077774047852
736 12.822124481201172 10.133341789245605
737 12.623807907104492 10.081892013549805
738 12.490095138549805 10.232725143432617
739 12.425675392150879 10.035907745361328
740 12.552797317504883 10.014037132263184
741 12.570748329162598 10.102431297302246
742 12.77701473236084 10.355599403381348
743 12.607698440551758 10.325274467468262
744 12.873241424560547 10.48278522491455
745 13.015416145324707 10.344842910766602
746 12.725523948669434 10.389958381652832
747 13.083871841430664 10.24674129486084
748 12.503984451293945 10.015837669372559
749 12.406285285949707 10.176928520202637
750 9.689580917358398 8.31083869934082
751 9.902083396911621 8.415701866149902
752 9.458727836608887 -4.160584926605225
753 8.941396713256836 -4.0366010665893555
754 9.283695220947266 8.831901550292969
755 9.386361122131348 8.936494827270508
756 9.45191478729248 8.973770141601562
757 9.807917594909668 5.866346836090088
758 13.34890079498291 9.074295997619629
759 10.538018226623535 8.795144081115723
760 10.473004341125488 8.857370376586914
761 10.552373886108398 7.924081802368164
762 10.608687400817871 8.038204193115234
763 10.688746452331543 8.326838493347168
764 10.43157958984375 8.264535903930664
765 10.127612113952637 8.449344635009766
766 10.202510833740234 8.462067604064941
767 11.190773010253906 8.868550300598145
768 10.540335655212402 8.553497314453125
769 10.517508506774902 8.720075607299805
770 10.129369735717773 6.682708263397217
771 9.999411582946777 6.7831621170043945
772 11.250317573547363 8.626204490661621
773 11.728818893432617 8.840076446533203
774 10.315268516540527 8.005929946899414
775 10.582063674926758 7.862742900848389
776 10.536779403686523 7.940716743469238
777 10.562175750732422 7.929885387420654
778 11.498956680297852 8.824891090393066
779 10.206525802612305 8.50135326385498
780 10.186193466186523 8.468572616577148
781 10.32719898223877 8.519826889038086
782 11.310120582580566 8.76654052734375
783 11.199188232421875 8.640560150146484
784 11.244120597839355 8.573480606079102
785 10.835442543029785 8.159379005432129
786 11.732604026794434 9.141624450683594
787 11.649534225463867 9.00668716430664
788 11.327345848083496 8.702452659606934
789 11.598906517028809 8.898359298706055
790 9.956868171691895 9.099855422973633
791 10.419556617736816 9.30267333984375
792 14.473897933959961 5.786720275878906
793 13.140243530273438 9.978828430175781
794 12.023061752319336 4.193827152252197
795 11.205187797546387 9.008387565612793
796 10.528949737548828 9.328857421875
797 11.043120384216309 9.61928939819336
798 10.795389175415039 9.502394676208496
799 11.344266891479492 5.5043840408325195
800 11.938131332397461 4.177069664001465
801 9.97165584564209 6.697722434997559
802 8.9439697265625 8.165629386901855
803 8.894600868225098 8.145591735839844
804 8.828369140625 7.924645900726318
805 8.8351469039917 7.83712911605835
806 11.049219131469727 9.628996849060059
807 8.86893081665039 8.201815605163574
808 9.07129192352295 7.585722923278809
809 8.846977233886719 8.409475326538086
810 8.776224136352539 8.341498374938965
811 8.783352851867676 8.322332382202148
812 10.668495178222656 8.00808334350586
813 11.178595542907715 5.577051162719727
814 11.28701114654541 5.54832124710083
815 12.076282501220703 4.020537376403809
816 12.227922439575195 3.9694113731384277
817 11.014472007751465 8.6611328125
818 10.38717269897461 9.00635814666748
819 10.656228065490723 8.005233764648438
820 9.211679458618164 -4.311988353729248
821 8.43227767944336 -0.44817307591438293
822 8.413375854492188 -0.2918339669704437
823 8.05408000946045 -1.335363507270813
824 8.442118644714355 -1.440021276473999
825 8.425871849060059 -1.4218273162841797
826 8.269814491271973 -1.1197010278701782
827 8.10760498046875 -0.9637741446495056
828 7.996022701263428 -1.6634708642959595
829 8.120110511779785 -1.255531668663025
830 9.34803295135498 -1.5858649015426636
831 9.296177864074707 -1.6412042379379272
832 9.413283348083496 -1.6195240020751953
833 9.379866600036621 -3.523423433303833
834 9.451658248901367 -1.543628215789795
835 9.544239044189453 -2.8445754051208496
836 9.540513038635254 -2.4662365913391113
837 9.536736488342285 -2.818855047225952
838 9.041231155395508 -4.079451084136963
839 9.334488868713379 -3.4781758785247803
840 9.413244247436523 -3.3696634769439697
841 9.510078430175781 -3.014495372772217
842 9.486845970153809 -3.149869441986084
843 8.925753593444824 -4.083807468414307
844 9.076534271240234 -3.9622318744659424
845 9.251538276672363 -3.7943124771118164
846 9.501139640808105 -3.6625537872314453
847 9.57264518737793 -3.7008824348449707
848 9.622027397155762 -3.7071824073791504
849 9.319154739379883 -3.545151472091675
850 9.059237480163574 -4.145723342895508
851 8.95832347869873 -4.138550758361816
852 8.964430809020996 -4.182956695556641
853 8.914487838745117 -4.159925937652588
854 9.043262481689453 -3.461608409881592
855 8.850414276123047 -4.0059285163879395
856 9.313054084777832 -3.5863349437713623
857 9.001421928405762 -3.824392318725586
858 8.848773002624512 -3.9803435802459717
859 8.838821411132812 -3.9871134757995605
860 9.583651542663574 -2.2587289810180664
861 9.607930183410645 -2.234794855117798
862 9.309334754943848 -1.654844880104065
863 7.433199405670166 -1.5197614431381226
864 7.53382682800293 0.5379776358604431
865 3.96389102935791 1.271325945854187
866 9.096141815185547 5.058815002441406
867 10.936650276184082 5.499256134033203
868 10.902158737182617 5.479151248931885
869 7.5527167320251465 0.01537406351417303
870 7.644556045532227 -0.1007898598909378
871 3.9589948654174805 1.2333407402038574
872 10.186152458190918 -0.21869900822639465
873 7.49261999130249 0.12555108964443207
874 7.7998857498168945 -0.0015324284322559834
875 7.966972827911377 -0.06200524792075157
876 7.55380392074585 0.06557706743478775
877 4.029630661010742 1.2152855396270752
878 7.052502632141113 -1.3298485279083252
879 8.843804359436035 4.251645565032959
880 10.385753631591797 1.8728300333023071
881 9.987171173095703 1.6289329528808594
882 10.324920654296875 1.7725857496261597
883 8.980491638183594 -3.286424160003662
884 11.56558609008789 3.4802322387695312
885 10.467801094055176 1.7669123411178589
886 10.45795726776123 1.7746249437332153
887 10.47676944732666 1.6704062223434448
888 10.415473937988281 1.7797949314117432
889 7.86871862411499 0.018389351665973663
890 7.876865863800049 0.04145236313343048
891 9.124197959899902 1.0718293190002441
892 9.12723159790039 1.0800451040267944
893 9.100348472595215 1.1040852069854736
894 11.034097671508789 0.3274875283241272
895 12.045977592468262 1.8380892276763916
896 11.988035202026367 2.010499954223633
897 11.88943099975586 2.0454819202423096
898 11.819687843322754 2.1894407272338867
899 8.965975761413574 -3.3662209510803223
900 8.756368637084961 -1.6354670524597168
901 9.186117172241211 -3.4216320514678955
902 11.705629348754883 2.877244710922241
903 11.862988471984863 2.831425189971924
904 11.55955982208252 4.8151535987854
905 11.474858283996582 4.91896915435791
906 12.45154857635498 2.349076509475708
907 12.011783599853516 2.790189266204834
908 11.310050010681152 4.239490509033203
909 12.347234725952148 2.722557544708252
910 12.231027603149414 3.4707047939300537
911 12.28274917602539 3.0246353149414062
912 12.238654136657715 3.5056300163269043
913 12.19693374633789 3.879769802093506
914 12.253532409667969 3.334599494934082
915 12.177254676818848 3.061149835586548
916 12.40198040008545 2.5042176246643066
917 12.352173805236816 2.1761832237243652
918 6.8348565101623535 2.92733097076416
919 10.885019302368164 5.380471706390381
920 9.3595609664917 8.467939376831055
921 9.041382789611816 8.244072914123535
922 9.209850311279297 8.735145568847656
923 9.45018482208252 8.94262981414795
924 9.219481468200684 5.283485412597656
925 9.762998580932617 8.205385208129883
926 9.236440658569336 5.306140899658203
927 9.409404754638672 5.761651515960693
928 10.367323875427246 6.707601547241211
929 9.747096061706543 8.172245979309082
930 9.87358283996582 8.123185157775879
931 10.007865905761719 8.51635456085205
932 9.72957706451416 8.24326229095459
933 9.547150611877441 8.261415481567383
934 10.350259780883789 8.265751838684082
935 9.677534103393555 8.295816421508789
936 9.682757377624512 8.243698120117188
937 9.494902610778809 8.354764938354492
938 12.715120315551758 5.973843574523926
939 8.542466163635254 4.078112602233887
940 15.311254501342773 4.186247825622559
941 13.307815551757812 6.550367832183838
942 13.30213737487793 6.740370273590088
943 13.339414596557617 6.61103630065918
944 13.287731170654297 6.525079250335693
945 12.372054100036621 5.163195610046387
946 13.37598991394043 6.899463176727295
947 13.663093566894531 8.1662015914917
948 13.494917869567871 8.083824157714844
949 11.478575706481934 6.0992255210876465
950 11.275352478027344 5.974092960357666
951 11.551198959350586 6.329835891723633
952 9.353515625 3.6884987354278564
953 9.470179557800293 3.6447973251342773
954 12.447996139526367 5.981058597564697
955 13.611772537231445 3.802741289138794
956 13.682045936584473 3.8361589908599854
957 13.225854873657227 2.0719056129455566
958 13.108053207397461 2.1021714210510254
959 12.757673263549805 6.019399642944336
960 11.278695106506348 5.536403656005859
961 11.275664329528809 5.537565231323242
962 15.02346134185791 7.840200901031494
963 15.652539253234863 6.002512454986572
964 13.472603797912598 5.030277252197266
965 16.045114517211914 4.846113204956055
966 13.694522857666016 5.009293556213379
967 13.63109302520752 5.0475640296936035
968 13.510116577148438 5.8382887840271
969 15.631999969482422 6.085880756378174
970 15.597557067871094 6.12209415435791
971 13.12020206451416 9.95939826965332
972 14.05862808227539 7.343153953552246
973 12.84294605255127 9.030214309692383
974 15.641779899597168 5.976006031036377
975 13.895598411560059 4.06511116027832
976 13.643964767456055 3.8581507205963135
977 13.720632553100586 4.143983364105225
978 13.751018524169922 4.1804609298706055
979 13.759407043457031 4.28428840637207
980 13.702492713928223 4.34200382232666
981 13.703609466552734 4.115599155426025
982 15.059297561645508 7.842400074005127
983 15.005265235900879 7.944331645965576
984 14.375137329101562 9.047283172607422
985 14.374439239501953 9.02761459350586
986 14.401920318603516 9.065954208374023
987 14.272534370422363 8.79052734375
988 14.331998825073242 6.581967830657959
989 14.732495307922363 8.197755813598633
990 14.450399398803711 8.54980754852295
991 14.806363105773926 8.04922103881836
992 14.76838493347168 8.176813125610352
993 14.84974193572998 7.9528093338012695
994 15.577544212341309 6.256408214569092
995 15.541803359985352 6.271463871002197
996 14.173017501831055 8.470935821533203
997 14.927661895751953 8.094014167785645
998 13.120195388793945 10.663016319274902
999 14.509102821350098 6.394139289855957
1000 15.381087303161621 6.288534164428711
1001 15.396068572998047 6.593648910522461
1002 15.138729095458984 6.37692928314209
1003 15.211811065673828 6.3607497215271
1004 15.42215347290039 6.504985809326172
1005 15.412384033203125 6.476068496704102
1006 15.391630172729492 6.4139580726623535
1007 14.329619407653809 8.491731643676758
1008 15.469666481018066 6.4634504318237305
1009 15.445671081542969 6.584217548370361
1010 15.642271995544434 5.512726783752441
1011 16.08282470703125 4.005723476409912
1012 15.700069427490234 5.410216331481934
1013 15.717695236206055 5.346508502960205
1014 15.039543151855469 7.814252853393555
1015 13.712328910827637 4.055121898651123
1016 14.594459533691406 7.941580295562744
1017 14.34656810760498 7.467102527618408
1018 15.013290405273438 7.913290977478027
1019 15.015657424926758 7.947421550750732
1020 14.720252990722656 8.144938468933105
1021 14.66122817993164 8.092981338500977
1022 14.359416007995605 7.482144355773926
1023 14.164209365844727 7.4066362380981445
1024 14.369537353515625 7.526160717010498
1025 14.340110778808594 7.466008186340332
1026 13.351337432861328 9.586952209472656
1027 13.13233470916748 9.117101669311523
1028 13.740652084350586 8.212742805480957
1029 13.785663604736328 7.384984016418457
1030 14.318461418151855 8.464146614074707
1031 14.267274856567383 8.352774620056152
1032 14.647727012634277 4.585646629333496
1033 13.782238006591797 7.272763729095459
1034 13.723563194274902 8.193241119384766
1035 13.748149871826172 8.19524097442627
1036 13.747082710266113 8.20068073272705
1037 15.613421440124512 6.115816593170166
1038 16.06633949279785 4.616918087005615
1039 16.130489349365234 4.67274808883667
1040 16.04196548461914 4.707575798034668
1041 15.760578155517578 4.558722496032715
1042 15.663938522338867 4.601109504699707
1043 15.537064552307129 6.186892032623291
1044 17.498031616210938 -0.6642018556594849
1045 17.504798889160156 -0.7010198831558228
1046 17.71054458618164 -1.0391535758972168
1047 17.528139114379883 -0.7279257774353027
1048 17.59396743774414 -0.8592603802680969
1049 17.500505447387695 -0.704278290271759
1050 17.45671272277832 -0.6096827983856201
1051 17.191829681396484 -0.37804049253463745
1052 17.482032775878906 0.19069963693618774
1053 17.31692886352539 -0.4007408618927002
1054 7.976846694946289 -2.020622491836548
1055 17.472251892089844 0.17387227714061737
1056 9.160503387451172 -1.7000049352645874
1057 10.501114845275879 1.608638048171997
1058 17.436565399169922 0.09210286289453506
1059 17.51934051513672 0.12111878395080566
1060 17.59980583190918 0.015690136700868607
1061 17.564611434936523 0.05895476043224335
1062 17.56238555908203 0.04350728169083595
1063 17.47187614440918 -0.5443034172058105
1064 17.532896041870117 0.010763219557702541
1065 17.448280334472656 0.3156677782535553
1066 8.958699226379395 -1.6100536584854126
1067 17.475215911865234 0.2008923441171646
1068 10.009794235229492 -3.679996967315674
1069 10.018994331359863 -3.6724977493286133
1070 10.00228214263916 -3.672844886779785
1071 7.993669033050537 -0.4863626956939697
1072 17.419668197631836 0.39751991629600525
1073 17.393796920776367 0.4614507853984833
1074 8.18250846862793 -2.195758581161499
1075 8.044240951538086 -2.0637600421905518
1076 8.036646842956543 -2.303375005722046
1077 7.508370399475098 8.595312118530273
1078 8.030811309814453 -2.315500259399414
1079 8.003897666931152 -2.3441169261932373
1080 7.993608474731445 -2.3526194095611572
1081 8.025627136230469 -2.315835475921631
1082 8.001849174499512 -2.3490171432495117
1083 9.108771324157715 -4.768814563751221
1084 9.133688926696777 -4.718607425689697
1085 9.122507095336914 -4.7504754066467285
1086 9.120283126831055 -4.753743648529053
1087 17.72096061706543 -1.0499904155731201
1088 17.746456146240234 -1.0809365510940552
1089 7.645470142364502 8.642051696777344
1090 7.6098313331604 8.67429256439209
1091 7.916923999786377 8.629483222961426
1092 7.829803943634033 8.641942024230957
1093 7.960596084594727 8.5991849899292
1094 8.05763053894043 8.604153633117676
1095 7.586574077606201 8.648079872131348
1096 7.5907182693481445 8.672586441040039
1097 7.959075927734375 8.409811019897461
1098 7.905509948730469 8.45306396484375
1099 7.646237373352051 8.642699241638184
1100 7.788939952850342 8.549211502075195
1101 7.823012351989746 8.549421310424805
1102 7.71157169342041 8.641636848449707
1103 7.766031265258789 2.4377317428588867
1104 10.308125495910645 -0.5815762877464294
1105 9.606573104858398 -1.4804668426513672
1106 17.25783920288086 0.6416571736335754
1107 17.30687713623047 0.5860826969146729
1108 10.483354568481445 1.6091631650924683
1109 7.822193145751953 2.411637306213379
1110 8.0804443359375 4.915085315704346
1111 7.598005294799805 2.526094436645508
1112 7.533992290496826 2.4876883029937744
1113 8.088443756103516 4.914849281311035
1114 10.894739151000977 -0.35472166538238525
1115 10.903637886047363 -0.3944905698299408
1116 9.694636344909668 -1.4330112934112549
1117 6.226580619812012 3.5091335773468018
1118 10.78240966796875 -0.17336516082286835
1119 10.9251708984375 0.07122225314378738
1120 15.739990234375 3.5638177394866943
1121 10.901619911193848 -0.3784753680229187
1122 11.517484664916992 6.2360992431640625
1123 15.386656761169434 3.4038307666778564
1124 15.425616264343262 3.2689690589904785
1125 10.977669715881348 0.12631037831306458
1126 6.324951648712158 3.580125093460083
1127 6.304900646209717 3.5719809532165527
1128 4.995326519012451 3.524677038192749
1129 4.980934143066406 3.5102744102478027
1130 9.886358261108398 -0.72737717628479
1131 6.831643581390381 -0.2816959619522095
1132 7.523765563964844 2.4433412551879883
1133 7.110445976257324 1.7234431505203247
1134 7.2423505783081055 1.9851446151733398
1135 6.651403427124023 0.09966935962438583
1136 6.931732654571533 -0.3036668002605438
1137 6.7817230224609375 -0.14679481089115143
1138 6.676746845245361 0.03274700790643692
1139 7.094407558441162 1.6014002561569214
1140 -4.974722862243652 7.808708190917969
1141 1.7474550008773804 5.474070072174072
1142 -4.974785327911377 7.808712482452393
1143 -4.974824905395508 7.808738708496094
1144 6.772284030914307 0.11855373531579971
1145 9.73480224609375 -0.960989236831665
1146 9.760357856750488 -0.9350132942199707
